[10],run_index,domain,overall_delay,api_delay,policy_delay
1,test21-211.com,.027307244,0.0019,0.002247
2,test37-213.com,.025022689,0.0021,0.002369
3,test39-38.com,.026269564,0.0023,0.002620
4,test37-213.com,.023652407,0.0022,0.002400
5,test16-209.com,.027203752,0.0017,0.001936
6,test37-213.com,.025027689,0.0021,0.002385
7,test15-51.com,.023477753,0.0022,0.002473
8,test26-93.com,.026008207,0.0020,0.002351
9,test35-27.com,.025012982,0.0020,0.002420
10,test26-93.com,.025666771,0.0023,0.002705
[100],run_index,domain,overall_delay,api_delay,policy_delay
1,test26-93.com,.026851275,0.0024,0.003181
2,test26-142.com,.030238880,0.0023,0.002544
3,test9-63.com,.506478684,0.0027,0.002974
4,test8-124.com,.032236871,0.0060,0.008628
5,test39-38.com,.027828876,0.0038,0.004240
6,test22-230.com,.030954999,0.0032,0.003566
7,test30-211.com,.032782459,0.0034,0.003737
8,test33-42.com,.031703949,0.0029,0.003390
9,test37-89.com,.031253729,0.0026,0.003044
10,test13-38.com,.506200452,0.0024,0.002708
[500],run_index,domain,overall_delay,api_delay,policy_delay
1,test33-235.com,.508632580,0.0029,0.003172
2,test32-82.com,.041136813,0.0062,0.007133
3,test24-63.com,.007957922,0.0043,0.005051
4,test1-164.com,.029360397,0.0035,0.004112
5,test29-162.com,.007704690,0.0046,0.005019
6,test30-231.com,.027522063,0.0026,0.002917
7,test7-142.com,.029556968,0.0030,0.003328
8,test27-119.com,.025809887,0.0026,0.002974
9,test10-88.com,.031058491,0.0023,0.002629
10,test32-125.com,.028579992,0.0024,0.002749
[1000],run_index,domain,overall_delay,api_delay,policy_delay
1,test37-23.com,.028008489,0.0024,0.002653
2,test2-62.com,.028575368,0.0021,0.002893
3,test33-101.com,.025378291,0.0020,0.002213
4,test18-4.com,.027305411,0.0028,0.003293
5,test16-109.com,.027496190,0.0023,0.002505
6,test9-63.com,.028824518,0.0023,0.002514
7,test20-99.com,.026082869,0.0021,0.002428
8,test7-4.com,.509137380,0.0024,0.002804
9,test7-107.com,.034762368,0.0068,0.007668
10,test32-231.com,.032421025,0.0045,0.004894
[2000],run_index,domain,overall_delay,api_delay,policy_delay
1,test19-8.com,.026669621,0.0021,0.002493
2,test14-27.com,.024808663,0.0021,0.002458
3,test26-247.com,.005501088,0.0032,0.003406
4,test17-218.com,.026678787,0.0021,0.002660
5,test34-187.com,.509332908,0.0025,0.002796
6,test10-68.com,.030948541,0.0051,0.005676
7,test37-10.com,.030146887,0.0045,0.004812
8,test20-238.com,.031109613,0.0030,0.003533
9,test33-130.com,.029949358,0.0026,0.002900
10,test23-107.com,.028191351,0.0033,0.003613
[5000],run_index,domain,overall_delay,api_delay,policy_delay
1,test37-2.com,.028612615,0.0030,0.003277
2,test31-252.com,.025221677,0.0022,0.002515
3,test1-18.com,.025058562,0.0020,0.002269
4,test17-68.com,.505894223,0.0020,0.002995
5,test6-80.com,.030385829,0.0057,0.006329
6,test15-194.com,.032973655,0.0037,0.004146
7,test39-83.com,.027519731,0.0032,0.003698
8,test17-157.com,.512781635,0.0044,0.004735
9,test18-83.com,.039474883,0.0062,0.007531
10,test14-180.com,.008715288,0.0044,0.004801
