[10],run_index,domain,overall_delay,api_delay,policy_delay
1,test21-211.com,.016973046,0.0025,0.003133
2,test37-213.com,.017095297,0.0026,0.002913
3,test39-38.com,.013158267,0.0023,0.002603
4,test37-213.com,.013540394,0.0023,0.002565
5,test16-209.com,.015467826,0.0026,0.002799
6,test37-213.com,.016091206,0.0025,0.002880
7,test15-51.com,.014581611,0.0030,0.003309
8,test26-93.com,.014622736,0.0021,0.002684
9,test35-27.com,.015673912,0.0027,0.002929
10,test26-93.com,.013721604,0.0021,0.002486
[100],run_index,domain,overall_delay,api_delay,policy_delay
1,test26-93.com,.015445076,0.0025,0.002779
2,test26-142.com,.015845996,0.0031,0.003327
3,test9-63.com,.004001906,0.0021,0.002368
4,test8-124.com,.015165199,0.0024,0.002580
5,test39-38.com,.015926871,0.0027,0.003039
6,test22-230.com,.104117502,0.0023,0.002537
7,test30-211.com,.017844261,0.0027,0.002987
8,test33-42.com,.015507702,0.0027,0.002933
9,test37-89.com,.017123714,0.0025,0.002739
10,test13-38.com,.017218839,0.0024,0.002611
[500],run_index,domain,overall_delay,api_delay,policy_delay
1,test33-235.com,.004753911,0.0028,0.003060
2,test32-82.com,.017057380,0.0020,0.002261
3,test24-63.com,.017697510,0.0023,0.002698
4,test1-164.com,.003856529,0.0021,0.002420
5,test29-162.com,.016469417,0.0023,0.002832
6,test30-231.com,.104371128,0.0019,0.002186
7,test7-142.com,.019605941,0.0033,0.004284
8,test27-119.com,.014899322,0.0023,0.002778
9,test10-88.com,.014952156,0.0020,0.002336
10,test32-125.com,.015074698,0.0020,0.002263
[1000],run_index,domain,overall_delay,api_delay,policy_delay
1,test37-23.com,.017145255,0.0026,0.002939
2,test2-62.com,.015241699,0.0073,0.007603
3,test33-101.com,.015930913,0.0023,0.002520
4,test18-4.com,.017751136,0.0022,0.002621
5,test16-109.com,.108576535,0.0029,0.003531
6,test9-63.com,.017351299,0.0027,0.003014
7,test20-99.com,.015551244,0.0024,0.002907
8,test7-4.com,.109307999,0.0023,0.002559
9,test7-107.com,.015864746,0.0030,0.003929
10,test32-231.com,.017914345,0.0022,0.002490
[2000],run_index,domain,overall_delay,api_delay,policy_delay
1,test19-8.com,.014488069,0.0026,0.002843
2,test14-27.com,.016819961,0.0022,0.002719
3,test26-247.com,.103849625,0.0020,0.002273
4,test17-218.com,.016688419,0.0031,0.003880
5,test34-187.com,.104843132,0.0019,0.002196
6,test10-68.com,.016578585,0.0030,0.003926
7,test37-10.com,.110960554,0.0031,0.003359
8,test20-238.com,.021734916,0.0044,0.005402
9,test33-130.com,.016636252,0.0027,0.003006
10,test23-107.com,.018481724,0.0023,0.002608
[5000],run_index,domain,overall_delay,api_delay,policy_delay
1,test37-2.com,.014998781,0.0024,0.002634
2,test31-252.com,.015530577,0.0023,0.002687
3,test1-18.com,.014658112,0.0024,0.002634
4,test17-68.com,.105254094,0.0024,0.002608
5,test6-80.com,.017469675,0.0034,0.003676
6,test15-194.com,.018302431,0.0029,0.003329
7,test39-83.com,.015284366,0.0024,0.002752
8,test17-157.com,.017525051,0.0026,0.002958
9,test18-83.com,.015409742,0.0022,0.002756
10,test14-180.com,.109633044,0.0024,0.002657
